image_width: 640
image_height: 480
camera_name: astra_camera
camera_matrix:
  rows: 3
  cols: 3
  data: [509.481983, 0.0, 310.612529, 0.0, 511.357306, 231.000489, 0.0, 0.0, 1.0]
  # data: [491.720887, 0.000000, 316.861920, 0.000000, 491.918255, 231.302971, 0.000000, 0.000000, 1.000000]
distortion_model: plumb_bob
distortion_coefficients:
  rows: 1
  cols: 5
  data: [0.017450, -0.063578, 0.001717, -0.007850, 0.0]
  # data: [0.076139, -0.292291, -0.001292, 0.001202, 0.283822]
rectification_matrix:
  rows: 3
  cols: 3
  data: [1.0, 0.0, 0.0, 0.0, 1.0, 0.0, 0.0, 0.0, 1.0]
projection_matrix:
  rows: 3
  cols: 4
  data: [507.218896, 0.0, 305.472643, 0.0, 0.0, 513.489960, 231.575191, 0.0, 0.0, 0.0, 1.0, 0.0]


# image_width: 640
# image_height: 480
# camera_name: astra_camera
# camera_matrix:
#   rows: 3
#   cols: 3
#   data: [491.720887, 0.000000, 316.861920, 0.000000, 491.918255, 231.302971, 0.000000, 0.000000, 1.000000]
# distortion_model: plumb_bob
# distortion_coefficients:
#   rows: 1
#   cols: 5
#   data: [0.076139, -0.292291, -0.001292, 0.001202, 0.283822]
# reprojection_error: 0.058141


# camera_pose_in_base:
# -   - -0.03441780509673375
#     - -0.9988983356409759
#     - 0.031898742075698414
#     - -0.2634071182487689
# -   - -0.9993558694369371
#     - 0.034073959951323764
#     - -0.011261060126772493
#     - -0.40697182857816844
# -   - 0.010161737758201035
#     - -0.03226577609363006
#     - -0.9994276656060754
#     - 0.5054771608625672
# -   - 0.0
#     - 0.0
#     - 0.0
#     - 1.0
